36326831240.00 271206113920.00 684808134080.00 44516538640.00 .00 -2141895885080.00 -308117401760.00 35219880360.00 -955381721840.00 2769088695240.00 
-.00 .00 -.00 .00 -.00 .00 -.00 .00 -.00 .00 
38921604900.00 290577979200.00 733723000800.00 47696291400.00 .00 -2294888448300.00 -330125787600.00 37735586100.00 -1023623273400.00 2966880744900.00 
-.00 .00 -.00 .00 -.00 .00 -.00 .00 -.00 .00 
.00 -.00 .00 -.00 .00 -.00 .00 -.00 .00 -.00 
-38921604900.00 -290577979200.00 -733723000800.00 -47696291400.00 -.00 2294888448300.00 330125787600.00 -37735586100.00 1023623273400.00 -2966880744900.00 
.00 -.00 .00 -.00 .00 -.00 .00 -.00 .00 -.00 
-36326831240.00 -271206113920.00 -684808134080.00 -44516538640.00 -.00 2141895885080.00 308117401760.00 -35219880360.00 955381721840.00 -2769088695240.00 
.00 -.00 .00 -.00 .00 -.00 .00 -.00 .00 -.00 
-.00 .00 -.00 .00 -.00 .00 -.00 .00 -.00 .00 
